1 cycle:
depo:         17.848588 s
punchThrough: 67.533246 s
etching:      933s
total:        1018s

estimated 10 cycles: 10180s = 170min